Geo-ID	Place	% of Homes Built 2000 to 2009	% of Homes Built 1990 to 1999	% of Homes Built 1980 to 1989	% of Homes Built 1970 to 1979	% of Homes Built 1960 to 1969	% of Homes Built 1950 to 1959	% of Homes Built 1940 to 1949	% of Homes Built 1939 or earlier	% of Homes No bed rooms	% of Homes 1 bed rooms	% of Homes 2 bed rooms	% of Homes  3 bed rooms	% of Homes 4 bed rooms	% of Homes 5 or more bed rooms
16000us0600135	Acalanes Ridge	3	9	10	3	47	14	0	14	4	0	9	47	34	5
16000us0600156	Acampo	81	0	0	0	0	0	19	0	0	0	0	100	0	0
16000us0600212	Acton	25	41	12	3	3	3	1	12	0	1	11	43	36	9
16000us0600296	Adelanto	33	8	8	6	3	1	2	38	1	6	16	41	28	8
16000us0600310	Adin	4	26	8	9	24	3	17	8	0	8	26	57	9	0
16000us0600394	Agoura Hills	4	37	36	10	4	2	1	7	1	8	16	25	36	15
16000us0600450	Agua Dulce	20	28	16	5	3	3	4	21	0	4	11	35	39	11
16000us0600464	Aguanga	43	15	29	0	0	0	0	12	0	35	7	46	12	0
16000us0600478	Ahwahnee	12	19	21	9	8	7	0	24	3	5	15	51	25	2
16000us0600562	Alameda	5	11	16	16	6	7	35	4	3	20	35	28	12	3
05000us06001	Alameda County	8	11	17	14	13	8	21	7	4	18	29	30	15	4
16000us0600618	Alamo	12	22	22	12	15	8	1	9	0	1	7	26	45	20
16000us0600674	Albany	5	7	8	7	8	12	39	14	0	18	48	24	7	2
16000us0600786	Alderpoint	15	17	41	0	0	0	26	0	15	0	0	54	31	0
16000us0600884	Alhambra	6	12	11	12	14	14	27	3	3	20	41	28	6	2
16000us0600898	Alhambra Valley	19	11	6	19	17	4	16	7	0	9	3	32	32	24
16000us0600947	Aliso Viejo	56	23	5	1	0	0	0	14	0	14	34	35	13	3
16000us0600982	Alleghany	42	0	0	0	0	19	40	0	0	0	35	65	0	0
16000us0600996	Allendale	12	30	43	4	0	0	8	4	0	0	14	57	24	4
16000us0601010	Allensworth	25	19	23	17	4	0	4	7	2	2	48	40	9	0
16000us0601164	Alpaugh	11	21	15	18	15	12	1	7	2	7	31	59	0	2
06000us0607390030	Alpine	26	21	23	3	6	2	4	15	2	7	27	32	27	6
16000us0601276	Alta	12	14	20	12	5	13	15	9	3	11	37	41	6	3
16000us0601290	Altadena	3	4	5	8	21	22	36	2	2	6	32	43	13	5
16000us0601360	Alta Sierra	14	47	26	4	2	1	0	6	1	4	14	66	13	3
06000us0604990040	Alturas	11	17	13	13	12	7	21	6	4	14	27	41	12	2
16000us0601458	Alum Rock	5	4	9	10	42	20	6	4	2	4	27	49	13	5
16000us0601514	Amador City	8	19	3	0	7	8	53	3	3	9	53	25	10	1
16000us0601640	American Canyon	13	15	7	8	9	1	1	46	1	4	14	35	26	21
16000us0601651	Amesti	4	19	19	17	5	7	4	26	2	2	36	46	14	0
16000us0602000	Anaheim	10	13	25	19	22	3	3	6	3	18	30	29	17	3
16000us0602028	Anchor Bay	27	9	6	7	24	14	0	13	0	25	36	39	0	0
16000us0602042	Anderson	11	17	18	10	20	5	3	16	2	15	32	44	6	1
06000us0600990060	Angels City	22	16	17	6	5	1	8	25	1	7	29	52	10	1
06000us0605590070	Angwin	9	11	20	18	13	8	16	5	1	18	25	42	10	4
16000us0602210	Antelope	47	25	4	2	5	0	0	16	0	3	14	49	27	6
16000us0602252	Antioch	22	18	19	10	8	5	4	14	1	7	17	37	27	10
16000us0602294	Anza	12	31	21	9	6	0	2	19	0	17	37	36	8	2
16000us0602364	Apple Valley	15	31	15	7	6	2	1	23	1	3	25	45	20	6
16000us0602378	Aptos	7	18	29	26	6	5	2	7	1	11	30	39	17	2
16000us0602382	Aptos Hills-Larkin Valley	9	30	39	5	0	4	0	13	2	3	18	58	10	10
16000us0602420	Arbuckle	14	21	21	9	7	4	6	18	1	9	23	42	19	7
16000us0602462	Arcadia	9	12	15	12	25	15	5	7	1	11	25	37	17	9
06000us0602390100	Arcata	11	19	18	13	17	5	10	7	2	17	36	35	9	2
16000us0602553	Arden-Arcade	4	11	24	19	32	7	2	2	2	22	32	32	10	2
16000us0602700	Armona	12	14	29	13	7	4	14	8	0	3	25	53	17	2
16000us0602770	Arnold	18	32	25	16	3	0	0	5	0	3	30	59	7	0
06000us0600990105	Arnold-West Point	16	30	25	11	6	3	2	7	1	5	34	50	9	1
16000us0602812	Aromas	14	14	28	13	14	5	10	3	1	5	18	50	20	6
06000us0607990120	Arroyo Grande	15	22	20	10	7	4	4	18	2	8	30	44	14	2
16000us0602910	Artois	11	0	21	0	41	0	27	0	0	0	47	53	0	0
16000us0602924	Arvin	22	10	20	8	7	4	6	23	1	11	18	46	23	1
16000us0602980	Ashland	6	13	14	16	23	16	6	5	3	21	41	29	5	1
06000us0607990140	Atascadero	15	25	24	7	7	3	4	15	2	10	28	47	12	2
16000us0603092	Atherton	11	6	5	10	31	13	14	10	0	2	3	21	39	35
06000us0604790150	Atwater	14	16	18	12	13	5	4	17	1	6	21	51	18	2
16000us0603190	Auberry	19	19	35	14	1	5	5	2	3	16	32	30	19	0
06000us0606190160	Auburn	13	17	25	10	9	4	8	13	1	9	30	40	16	4
16000us0603205	Auburn Lake Trails	18	27	32	0	2	3	1	17	1	4	8	65	18	4
16000us0603209	August	11	3	11	16	12	20	19	9	2	15	43	32	8	0
16000us0603302	Avenal	16	20	14	10	9	6	7	19	2	9	20	50	17	1
16000us0603316	Avery	11	22	38	10	3	16	0	0	0	0	42	54	4	0
16000us0603330	Avilla Beach	18	28	14	8	8	5	3	16	1	19	48	29	4	0
16000us0603344	Avocado Heights	3	10	23	27	19	10	5	4	2	2	16	40	35	6
16000us0603386	Azusa	7	17	21	13	22	10	5	5	2	14	38	33	12	2
16000us0603512	Baker	19	22	35	11	7	0	2	3	4	24	29	29	5	9
06000us0602990180	Bakersfield	10	18	19	11	15	7	6	14	3	9	28	44	14	2
16000us0603666	Baldwin Park	8	17	11	16	26	10	5	6	1	11	29	43	14	3
16000us0603694	Ballard	11	17	27	5	12	8	12	9	6	6	19	30	29	10
16000us0603792	Bangor	23	12	34	5	5	0	11	11	0	8	20	52	20	0
16000us0603820	Banning	19	23	10	11	13	4	4	15	4	7	50	29	9	1
06000us0607190188	Barstow	9	19	15	20	20	3	3	12	3	10	26	47	12	2
16000us0604198	Bass Lake	8	20	21	11	1	18	0	21	12	0	17	64	6	1
16000us0604415	Bay Point	13	26	14	11	17	8	5	5	2	7	31	45	14	0
16000us0604478	Bayview	9	15	10	21	21	6	9	8	1	11	31	45	7	4
16000us0604730	Bear Valley	20	21	0	0	11	0	0	48	0	0	60	40	0	0
16000us0604734	Bear Valley Springs	24	33	24	1	0	0	1	17	0	0	11	59	27	4
16000us0604758	Beaumont	6	6	6	7	7	3	3	62	2	5	25	30	25	12
16000us0604772	Beckwourth	3	26	20	7	8	0	10	27	0	16	24	48	12	0
16000us0604870	Bell	5	6	12	13	20	18	24	2	6	30	41	18	4	1
16000us0604926	Bella Vista	8	19	48	4	3	4	4	10	0	4	30	48	16	2
16000us0604938	Bell Canyon	24	45	25	0	0	0	0	6	2	0	11	9	39	40
16000us0604982	Bellflower	6	14	16	15	27	11	7	4	11	17	36	27	7	2
16000us0604996	Bell Gardens	10	8	12	16	22	17	6	7	5	20	44	26	5	0
16000us0605108	Belmont	4	5	20	26	30	9	3	2	5	17	19	36	18	5
16000us0605164	Belvedere	5	6	5	29	28	5	20	3	1	5	20	27	36	11
16000us0605262	Benbow	7	50	4	0	0	7	8	24	22	12	0	48	18	0
16000us0605276	Bend	8	32	22	11	13	2	3	8	4	1	18	64	11	2
16000us0605290	Benicia	10	30	28	6	4	7	7	7	1	9	24	34	27	6
16000us0605332	Ben Lomond	2	7	21	20	19	12	19	1	3	15	29	38	11	4
16000us0605346	Benton	26	18	20	0	0	21	14	0	0	30	41	30	0	0
06000us0600190200	Berkeley	3	4	7	9	11	10	50	5	7	26	34	21	9	4
16000us0606028	Bermuda Dunes	22	46	7	6	0	0	0	19	0	4	40	35	20	1
16000us0606070	Berry Creek	11	24	29	9	6	2	6	13	4	12	38	37	10	0
16000us0606150	Bertsch-Oceanview	15	13	19	7	13	2	12	18	5	9	23	39	14	10
16000us0606210	Bethel Island	12	22	16	20	10	10	7	3	3	16	49	27	6	0
16000us0606308	Beverly Hills	4	7	7	14	14	12	38	4	6	22	33	17	12	10
16000us0606336	Bieber	0	12	45	0	10	8	23	3	0	8	36	47	10	0
16000us0606406	Big Bear City	11	22	33	12	7	3	5	6	0	10	50	32	7	1
16000us0606434	Big Bear Lake	10	25	23	17	10	6	5	5	2	10	39	39	8	2
16000us0606475	Big Bend	1	18	17	13	6	13	33	0	10	46	28	16	0	0
16000us0606518	Big Creek	3	0	0	0	26	15	35	10	4	0	18	66	12	0
06000us0600790230	Biggs	10	17	27	9	10	8	16	3	1	5	27	54	9	5
16000us0606567	Big Lagoon	19	8	11	9	26	3	18	5	3	20	56	21	0	0
16000us0606616	Big Pine	11	20	29	12	8	5	11	4	3	6	31	49	10	1
16000us0606635	Big River	14	30	38	9	1	0	1	7	3	6	49	37	4	1
06000us0603590240	Big Valley	18	7	27	8	5	8	14	13	1	7	30	41	18	4
06000us0602790250	Bishop	9	14	29	18	9	8	6	6	3	11	30	41	13	2
16000us0606928	Blackhawk	34	53	7	2	0	2	0	3	0	2	3	25	57	13
16000us0606935	Blacklake	41	31	5	0	0	0	0	23	2	7	41	40	10	0
16000us0606982	Black Point-Green Point	1	19	29	4	11	3	14	18	0	2	22	35	33	8
16000us0606994	Blairsden	0	0	14	0	0	0	86	0	0	0	14	60	26	0
16000us0607036	Bloomfield	0	32	4	27	0	9	29	0	0	0	38	30	25	6
16000us0607064	Bloomington	13	16	12	12	22	11	4	9	1	8	16	51	17	6
16000us0607162	Blue Lake	4	16	18	11	13	6	31	1	5	11	25	43	13	4
16000us0607172	Bluewater	19	18	45	12	4	0	0	2	2	25	48	23	1	1
16000us0607218	Blythe	17	12	15	17	12	7	3	16	5	13	24	46	11	1
16000us0607246	Bodega	0	25	52	0	0	0	23	0	0	53	33	13	0	0
16000us0607260	Bodega Bay	25	38	24	4	2	1	3	3	3	9	21	58	9	0
16000us0607274	Bodfish	3	13	38	35	3	0	3	6	0	22	49	19	9	1
06000us0604190256	Bolinas	3	10	18	19	12	8	27	2	4	18	38	31	8	1
16000us0607372	Bombay Beach	10	5	35	7	43	0	0	0	0	26	57	11	7	0
16000us0607379	Bonadelle Ranchos-Madera Ranchos	21	29	24	3	2	1	0	21	0	1	4	67	23	3
16000us0607414	Bonita	7	16	41	16	13	3	1	4	2	5	16	28	40	10
16000us0607470	Bonny Doon	7	24	31	14	8	5	8	3	2	7	17	49	19	6
16000us0607498	Bonsall	14	37	25	5	2	1	2	14	1	5	29	34	26	6
16000us0607512	Boonville	10	9	11	18	17	6	29	0	7	12	52	22	6	0
16000us0607525	Bootjack	12	30	14	2	22	0	3	18	0	3	40	49	8	0
16000us0607578	Boronda	13	4	38	0	10	22	1	11	0	11	46	29	14	0
06000us0607390258	Borrego Springs	13	19	25	13	7	3	2	17	4	18	44	32	2	0
16000us0607624	Bostonia	7	21	36	12	15	4	1	5	0	9	46	37	7	0
16000us0607652	Boulder Creek	3	5	12	17	19	12	26	6	6	15	43	26	9	2
16000us0607694	Boulevard	39	8	8	0	14	14	16	0	0	16	51	33	0	0
16000us0607750	Bowles	0	12	52	0	12	0	24	0	16	0	36	16	32	0
16000us0607848	Boyes Hot Springs	6	25	21	14	18	8	6	2	2	16	40	36	6	1
16000us0607974	Bradley	0	5	21	0	19	33	12	10	0	10	57	24	10	0
06000us0602590260	Brawley	12	15	16	12	12	7	6	19	3	10	24	43	18	2
16000us0608100	Brea	6	18	32	19	12	1	3	9	4	13	23	30	26	5
16000us0608142	Brentwood	29	8	5	2	2	0	1	53	0	4	18	30	32	16
16000us0608172	Bret Harte	10	2	11	8	18	33	4	13	4	2	44	36	14	2
16000us0608240	Bridgeport	5	5	39	21	27	3	0	0	0	31	29	34	7	0
06000us0601390270	Briones	38	36	7	6	3	1	1	7	0	6	24	18	39	13
16000us0608310	Brisbane	12	10	16	13	7	16	15	11	7	18	35	26	10	4
16000us0608478	Brookdale	1	20	19	15	23	5	17	0	0	16	31	35	13	6
16000us0608530	Brooktrails	28	38	14	8	1	0	1	10	2	5	23	59	11	0
16000us0608680	Buckhorn	8	23	44	10	2	1	1	10	0	4	44	46	5	1
16000us0608758	Buellton	11	22	21	11	8	4	1	23	0	10	24	45	15	6
16000us0608786	Buena Park	4	8	18	20	40	4	2	4	2	7	30	37	20	4
16000us0608828	Buena Vista	47	47	0	0	0	0	0	0	0	0	15	85	0	0
16000us0608954	Burbank	6	10	11	11	19	23	15	5	4	26	36	26	7	2
16000us0609066	Burlingame	4	5	14	17	21	9	28	2	6	29	27	21	14	3
16000us0609122	Burney	7	23	25	21	3	13	6	1	0	12	34	45	9	1
16000us0609150	Burnt Ranch	18	13	27	17	5	0	2	18	4	17	28	37	14	0
05000us06007	Butte County	12	19	22	12	11	6	8	11	2	11	34	41	10	1
16000us0609310	Butte Creek Canyon	8	30	21	13	14	0	2	12	3	18	25	39	17	0
06000us0609390290	Butte Valley	10	18	27	10	16	6	8	4	8	6	36	43	5	2
06000us0602990300	Buttonwillow	11	15	21	10	12	8	9	13	2	5	29	45	13	5
16000us0609353	Bystrom	13	10	23	10	25	17	2	0	6	16	29	38	11	0
16000us0609360	Cabazon	0	6	20	6	29	11	0	27	0	16	32	50	1	0
16000us0609598	Calabasas	19	35	20	14	2	0	1	8	0	6	19	23	32	19
05000us06009	Calaveras County	20	24	20	7	5	2	5	16	1	6	29	54	10	1
06000us0602590320	Calexico	21	16	12	6	6	2	3	34	4	11	15	39	24	6
16000us0609780	California City	16	20	14	10	4	0	0	36	0	2	21	58	17	2
16000us0609822	California Hot Springs	0	10	37	23	15	15	0	0	0	2	43	55	0	0
16000us0609834	California Pines	41	22	37	0	0	0	0	0	0	0	28	56	16	0
16000us0609864	Calimesa	9	22	18	24	10	4	4	10	0	6	46	29	15	4
16000us0609878	Calipatria	18	13	22	19	10	3	6	10	0	7	29	44	17	3
06000us0605590340	Calistoga	6	13	33	9	7	7	13	12	2	19	44	30	5	1
16000us0609948	Callender	9	15	25	15	3	7	0	27	5	18	6	41	24	6
16000us0609990	Calpella	5	25	0	5	13	34	11	6	6	3	37	35	19	0
16000us0610004	Calpine	16	0	41	0	12	8	18	5	0	20	45	30	5	0
16000us0610042	Camanche North Shore	12	28	26	7	0	0	0	27	7	0	25	53	14	0
16000us0610044	Camanche Village	20	13	17	0	0	0	0	50	0	0	8	80	10	3
06000us0611190350	Camarillo	14	15	26	22	5	1	1	15	1	9	21	32	30	7
16000us0610074	Cambria	19	31	21	8	5	2	3	10	0	7	37	48	6	1
16000us0610088	Cambrian Park	1	6	2	1	72	14	1	4	1	3	15	50	18	12
16000us0610256	Cameron Park	18	30	24	4	3	0	0	21	1	5	20	48	23	2
16000us0610270	Camino	13	16	17	20	14	8	5	7	3	10	19	58	8	2
16000us0610301	Camino Tassajara	0	0	0	0	0	0	0	100	0	0	10	2	31	56
16000us0610345	Campbell	6	14	26	19	20	7	3	5	2	18	33	31	14	3
16000us0610494	Camp Nelson	19	0	15	26	0	29	10	0	0	15	60	20	6	0
16000us0610508	Campo	16	7	20	14	6	8	5	24	0	13	39	34	11	2
16000us0610676	Camptonville	9	9	23	0	9	19	32	0	0	19	38	29	14	0
16000us0610816	Cantua Creek	9	27	21	25	18	0	0	0	0	0	25	75	0	0
16000us0610928	Canyon Lake	14	46	28	3	0	0	0	9	0	0	8	61	22	9
16000us0611040	Capitola	5	9	35	22	8	5	10	6	3	15	53	21	7	0
16000us0611194	Carlsbad	19	26	25	5	3	1	1	21	1	10	27	32	23	7
06000us0605390362	Carmel-by-the-Sea	7	11	18	15	17	12	14	6	2	10	36	34	13	4
06000us0605390370	Carmel Valley	9	18	19	11	19	12	7	6	1	10	33	39	14	3
16000us0611324	Carmel Valley Village	7	10	18	12	24	17	8	4	1	10	31	39	16	3
16000us0611390	Carmichael	5	13	27	24	21	3	2	4	1	14	26	38	17	4
16000us0611418	Carnelian Bay	7	16	37	25	5	3	6	2	2	7	12	44	25	9
06000us0608390378	Carpinteria	9	15	35	14	11	3	6	5	4	13	38	30	14	1
16000us0611481	Carrick	0	0	0	27	52	0	22	0	0	25	0	27	48	0
16000us0611530	Carson	5	6	16	36	21	9	2	5	1	6	20	42	27	4
16000us0611600	Cartago	0	46	7	0	0	0	46	0	0	37	56	7	0	0
16000us0611656	Casa Conejo	0	0	10	85	5	0	0	0	1	1	1	71	23	3
16000us0611691	Casa de Oro-Mount Helix	4	16	25	21	23	6	4	2	1	7	17	39	29	8
16000us0611754	Casmalia	0	0	66	19	0	16	0	0	17	0	16	48	19	0
16000us0611768	Caspar	23	16	24	6	4	0	15	11	0	12	58	31	0	0
16000us0611782	Cassel	12	18	4	42	8	0	0	17	0	0	47	32	21	0
16000us0611796	Castaic	22	32	5	4	1	0	0	34	1	3	13	42	32	10
16000us0611915	Castle Hill	2	26	13	16	24	9	6	4	0	4	0	56	36	4
16000us0611964	Castro Valley	15	10	13	16	26	14	3	3	1	8	26	39	22	4
06000us0605390400	Castroville	14	14	32	13	9	3	3	13	1	4	22	52	18	2
06000us0606590410	Cathedral City-Palm Desert	18	29	21	8	3	1	1	20	1	8	36	41	12	1
16000us0612062	Catheys Valley	5	30	9	5	3	19	13	15	0	19	35	35	11	0
16000us0612132	Cayucos	9	17	22	6	15	10	12	9	4	11	31	41	10	4
16000us0612146	Cazadero	4	13	7	12	18	13	29	4	10	25	44	19	2	0
16000us0612300	Cedar Ridge	21	23	21	13	8	2	0	12	0	3	41	46	9	2
16000us0612328	Cedarville	15	11	9	10	17	4	22	13	0	10	47	38	5	0
16000us0612412	Centerville	0	0	55	15	24	4	3	0	17	12	7	64	0	0
06000us0605990420	Central Coast	10	13	25	20	14	4	2	11	3	17	34	27	15	5
06000us0601190430	Central Colusa	19	12	12	10	9	5	10	23	1	8	25	47	16	2
06000us0601390440	Central Contra Costa	10	17	25	19	15	5	2	6	2	11	23	32	25	7
06000us0608990450	Central Shasta	15	20	25	10	5	3	5	17	2	7	35	43	12	2
16000us0612524	Ceres	15	24	18	7	8	3	2	23	0	5	21	45	23	5
16000us0612552	Cerritos	2	8	62	24	1	1	1	2	2	1	9	36	42	10
16000us0612594	Chalfant	18	18	10	0	6	0	0	47	2	0	9	89	0	0
16000us0612612	Challenge-Brownsville	14	15	26	17	4	4	2	18	2	22	36	33	6	2
16000us0612669	Channel Islands Beach	7	21	21	16	17	7	5	6	2	7	34	37	17	3
16000us0612734	Charter Oak	4	19	15	18	39	2	1	2	2	6	28	51	12	2
16000us0612818	Cherokee	32	18	35	0	15	0	0	0	0	18	15	68	0	0
16000us0612860	Cherokee Strip	22	0	10	5	24	17	7	14	0	0	12	88	0	0
16000us0612902	Cherryland	12	12	10	12	20	15	12	6	1	21	53	19	4	2
16000us0612916	Cherry Valley	13	22	25	21	10	3	2	5	0	9	40	36	14	0
06000us0606390460	Chester	16	25	23	6	8	4	7	11	1	5	25	54	14	1
06000us0600790470	Chico	15	19	19	11	11	5	8	13	3	13	30	40	13	1
16000us0613077	Chilcoot-Vinton	21	28	17	0	7	0	7	19	0	13	32	40	0	14
16000us0613157	China Lake Acres	8	36	32	0	2	0	5	16	0	11	40	46	4	0
16000us0613182	Chinese Camp	29	29	24	10	8	0	0	0	0	0	56	44	0	0
16000us0613210	Chino	10	20	25	10	8	2	3	22	1	8	18	37	29	7
16000us0613214	Chino Hills	33	35	12	2	3	1	0	13	1	4	13	36	35	11
06000us0603990480	Chowchilla	9	10	12	10	13	9	5	32	2	5	21	49	19	4
16000us0613364	Chualar	41	9	24	11	0	5	2	7	0	2	38	36	21	3
06000us0606590492	Chuckwalla Valley	13	23	24	19	7	2	2	11	3	26	34	29	8	1
16000us0613392	Chula Vista	16	12	13	17	12	3	2	24	2	12	25	33	20	8
16000us0613560	Citrus	1	5	14	12	57	8	0	2	0	5	18	48	26	3
16000us0613588	Citrus Heights	8	23	40	13	9	2	1	4	1	13	27	42	15	2
16000us0613756	Claremont	5	12	17	24	21	5	9	6	1	11	22	33	26	6
06000us0611390500	Clarksburg	6	4	5	24	11	8	36	6	0	4	12	47	29	7
16000us0613882	Clayton	34	11	40	7	2	1	0	5	0	3	8	39	38	12
16000us0613910	Clear Creek	0	19	27	4	4	19	19	8	8	8	26	56	2	0
06000us0603390503	Clearlake	9	15	25	19	14	4	5	10	2	21	41	32	4	1
16000us0613966	Clearlake Oaks	8	13	33	21	8	8	3	5	3	17	52	18	8	2
06000us0603390505	Clearlake Riviera	14	14	24	11	6	5	5	21	1	10	34	44	9	1
16000us0614008	Cleone	14	26	21	11	4	3	8	12	0	18	28	42	8	3
16000us0614106	Clio	0	46	54	0	0	0	0	0	0	46	0	0	54	0
16000us0614190	Cloverdale	17	14	12	8	10	5	7	26	1	9	34	41	12	3
06000us0609790510	Cloverdale-Geyserville	15	14	15	9	10	7	12	18	2	8	33	43	12	2
16000us0614218	Clovis	20	16	21	8	4	2	1	28	1	8	22	42	23	5
16000us0614232	Clyde	32	18	12	2	17	3	14	1	0	6	19	32	40	1
16000us0614260	Coachella	12	15	8	7	4	1	1	50	1	3	15	44	31	6
06000us0606590520	Coachella Valley	18	18	10	6	5	1	1	42	2	6	30	38	21	4
06000us0601990530	Coalinga	14	20	14	11	10	7	11	14	2	8	31	47	10	2
16000us0614288	Coarsegold	25	17	4	5	7	5	0	37	0	5	28	52	11	3
06000us0603390545	Cobb	9	23	17	14	19	5	6	7	3	11	34	43	8	1
16000us0614406	Coffee Creek	8	8	34	26	13	2	0	10	0	11	31	49	8	2
16000us0614442	Cohasset	11	29	10	29	4	2	6	9	0	10	21	61	9	0
16000us0614450	Cold Springs	0	23	21	42	8	0	0	7	3	8	26	60	3	0
16000us0614498	Colfax	14	7	19	3	3	13	22	19	0	20	33	39	7	0
06000us0606190548	Colfax-Monumental Ridge	14	19	23	11	8	4	7	15	2	6	27	39	19	7
16000us0614554	College City	0	0	0	28	0	0	31	41	0	0	0	100	0	0
16000us0614708	Collierville	23	15	18	12	5	16	5	6	0	9	19	55	16	2
16000us0614736	Colma	22	6	5	3	19	14	8	23	2	12	19	52	9	5
16000us0614764	Coloma	28	24	3	0	20	0	17	8	0	7	37	56	0	0
16000us0614890	Colton	13	33	13	8	12	7	8	5	4	14	34	31	15	2
16000us0614904	Columbia	9	14	30	12	8	3	13	11	5	7	40	37	8	3
16000us0614946	Colusa	7	17	15	13	9	11	18	10	2	10	37	41	9	1
05000us06011	Colusa County	14	15	14	12	9	7	13	16	2	10	30	44	13	2
16000us0614974	Commerce	7	13	7	12	25	23	10	3	5	19	36	31	7	2
16000us0615030	Comptche	22	18	9	17	0	0	34	0	9	29	46	16	0	0
06000us0603790560	Compton	5	7	12	20	24	19	9	4	3	11	31	38	15	3
16000us0616000	Concord	4	14	26	24	19	6	1	5	1	13	28	36	20	3
16000us0616035	Concow	7	26	33	2	6	0	0	21	0	30	45	25	0	0
16000us0616090	Contra Costa Centre	37	25	9	7	9	3	1	8	6	49	33	7	4	2
05000us06013	Contra Costa County	12	17	19	14	13	7	4	12	1	10	24	34	24	7
16000us0616210	Copperopolis	26	19	7	0	0	0	1	46	0	0	25	64	9	1
16000us0616224	Corcoran	7	22	14	16	10	11	4	16	1	4	28	52	15	1
06000us0610390580	Corning	13	18	21	11	5	4	10	17	1	9	33	45	9	3
06000us0606590590	Corona	28	25	12	8	5	2	2	17	1	8	18	31	32	11
16000us0616378	Coronado	8	12	31	9	12	9	13	5	4	15	33	31	13	4
16000us0616420	Coronita	0	7	29	30	26	4	1	2	0	3	4	41	50	2
16000us0616434	Corralitos	7	10	4	12	3	10	45	9	0	14	17	50	18	1
16000us0616462	Corte Madera	6	12	9	29	28	7	7	3	2	9	27	46	15	2
16000us0616532	Costa Mesa	5	12	26	26	21	3	1	6	3	20	36	26	13	2
16000us0616560	Cotati	11	34	24	6	4	3	5	15	0	8	44	32	15	1
16000us0616580	Coto de Caza	59	18	4	1	1	0	0	16	0	0	11	28	37	24
16000us0616630	Cottonwood	22	21	14	10	13	5	2	12	1	6	30	50	11	0
06000us0604390600	Coulterville	20	13	20	9	6	5	6	22	3	12	26	49	8	2
16000us0616644	Coultervillle	0	6	48	0	0	0	28	18	0	18	47	35	0	0
16000us0616651	Country Club	0	3	8	14	49	19	6	2	1	3	32	54	10	0
16000us0616714	Courtland	0	0	0	0	24	22	34	20	0	0	24	56	0	20
06000us0604590610	Covelo	12	16	30	10	12	2	10	8	3	13	25	46	10	2
16000us0616742	Covina	2	13	15	17	42	3	5	2	2	13	24	43	17	2
16000us0616762	Cowan	6	9	18	8	0	39	21	0	0	0	14	78	9	0
06000us0601590620	Crescent City	15	18	15	12	15	5	6	14	3	10	32	40	12	3
16000us0617078	Cressey	17	31	3	25	12	12	0	0	0	3	36	49	12	0
16000us0617106	Crest	5	12	27	12	13	5	9	17	0	9	15	62	13	1
