1	
2	214	
3	172	213	
4	71	
5	
6	
7	152	234	287	
8	39	72	116	175	
9	
10	
11	81	
12	
13	
14	
15	53	115	345	
16	19	342	345	
17	
18	224	
19	16	342	
20	
21	149	205	336	
22	289	
23	
24	55	182	273	373	398	
25	37	47	151	171	269	
26	33	58	179	291	296	385	
27	
28	86	
29	223	
30	86	233	
31	155	
32	121	273	
33	26	58	152	291	296	385	
34	268	
35	55	191	309	
36	
37	25	47	295	383	
38	94	
39	8	175	340	
40	47	129	185	205	
41	
42	84	
43	54	147	331	
44	128	
45	
46	
47	25	37	40	129	151	185	
48	
49	
50	
51	
52	
53	15	67	221	
54	43	239	331	
55	24	35	141	232	398	
56	64	78	108	324	
57	110	
58	26	33	74	124	271	
59	122	
60	181	187	382	383	
61	
62	
63	212	
64	56	108	186	307	324	
65	66	
66	65	78	102	179	205	261	267	336	
67	53	
68	87	197	255	
69	154	173	245	264	343	
70	
71	4	100	140	295	383	391	
72	8	135	200	241	244	
73	
74	58	124	198	375	
75	
76	146	357	368	
77	275	
78	56	66	102	107	134	
79	142	215	275	295	364	383	
80	157	
81	11	
82	
83	161	274	
84	42	133	168	265	333	
85	219	
86	28	30	182	273	373	
87	68	
88	
89	
90	
91	234	
92	
93	113	129	250	377	
94	38	
95	154	203	
96	
97	
98	
99	236	245	
100	71	141	295	296	383	
101	216	
102	66	78	134	186	261	
103	
104	
105	
106	
107	78	
108	56	64	157	273	291	296	324	385	
109	125	369	
110	57	143	337	
111	
112	
113	93	
114	124	172	
115	15	221	400	
116	8	
117	
118	184	
119	
120	184	345	
121	32	391	
122	59	
123	
124	58	74	114	152	172	240	
125	109	
126	
127	165	
128	44	
129	40	47	93	377	
130	148	
131	
132	
133	84	168	265	
134	78	102	261	307	324	
135	72	175	200	241	244	313	323	
136	
137	
138	
139	
140	71	
141	55	100	216	
142	79	243	325	
143	110	278	315	337	
144	
145	385	
146	76	157	187	357	368	
147	43	
148	130	160	179	291	325	366	
149	21	
150	
151	25	47	
152	7	33	124	172	287	
153	
154	69	95	343	
155	31	
156	
157	80	108	146	273	352	
158	373	
159	174	263	
160	148	177	236	325	
161	83	
162	244	
163	
164	
165	127	
166	182	
167	
168	84	133	265	
169	
170	
171	25	319	329	
172	3	114	124	152	
173	69	203	245	264	307	324	343	386	
174	159	
175	8	39	135	
176	
177	160	
178	
179	26	66	148	205	291	296	336	
180	
181	60	350	
182	24	86	166	267	273	296	373	386	
183	326	
184	118	120	232	
185	40	47	225	
186	64	102	307	324	
187	60	146	287	350	
188	
189	
190	319	
191	35	
192	
193	
194	
195	233	
196	
197	68	
198	74	330	
199	
200	72	135	241	244	361	
201	
202	
203	95	173	236	304	318	386	
204	
205	21	40	66	179	336	
206	
207	
208	
209	
210	
211	
212	63	
213	3	
214	2	
215	79	295	383	396	
216	101	141	398	
217	
218	324	
219	85	
220	
221	53	115	
222	244	259	
223	29	
224	18	
225	185	364	
226	
227	278	283	
228	
229	
230	
231	
232	55	184	
233	30	195	
234	7	91	250	
235	
236	99	160	203	245	271	386	
237	
238	275	280	
239	54	331	
240	124	
241	72	135	200	244	253	255	361	
242	
243	142	
244	72	135	162	200	222	241	299	
245	69	99	173	236	264	307	324	386	
246	
247	
248	
249	
250	93	234	
251	
252	
253	241	
254	
255	68	241	
256	
257	392	
258	
259	222	
260	
261	66	102	134	
262	
263	159	
264	69	173	245	307	324	336	386	
265	84	133	168	
266	
267	66	182	296	
268	34	
269	25	
270	345	
271	58	236	
272	
273	24	32	86	108	157	182	373	
274	83	
275	77	79	238	280	
276	
277	
278	143	227	337	390	
279	390	
280	238	275	
281	
282	
283	227	
284	
285	
286	
287	7	152	187	383	
288	
289	22	
290	
291	26	33	108	148	179	296	385	
292	
293	
294	295	
295	37	71	79	100	215	294	383	
296	26	33	100	108	179	182	267	291	383	385	
297	
298	
299	244	
300	
301	
302	
303	
304	203	
305	
306	
307	64	134	173	186	245	264	324	
308	
309	35	357	
310	
311	
312	
313	135	323	389	
314	361	
315	143	
316	
317	
318	203	
319	171	190	
320	365	
321	
322	
323	135	313	389	
324	56	64	108	134	173	186	218	245	264	307	
325	142	148	160	
326	183	
327	
328	
329	171	
330	198	
331	43	54	239	
332	
333	84	
334	
335	
336	21	66	179	205	264	398	
337	110	143	278	
338	
339	
340	39	
341	
342	16	19	
343	69	154	173	
344	
345	15	16	120	270	
346	
347	
348	
349	
350	181	187	
351	
352	157	
353	
354	
355	
356	
357	76	146	309	
358	
359	
360	
361	200	241	314	
362	
363	
364	79	225	
365	320	
366	148	
367	
368	76	146	
369	109	
370	
371	
372	
373	24	86	158	182	273	
374	
375	74	
376	
377	93	129	
378	
379	
380	
381	
382	60	
383	37	60	71	79	100	215	287	295	296	
384	
385	26	33	108	145	291	296	
386	173	182	203	236	245	264	389	
387	
388	
389	313	323	386	
390	278	279	
391	71	121	
392	257	
393	
394	
395	
396	215	
397	
398	24	55	216	336	
399	
400	115	
