

1:(0)
[-6,-6,-6,-5,-4,-4,-1,1,2,9]
[-7,-7,-7,-6,-5,-5,-2,0,1,8]


0.7:(1)
0.711257598163220
[-10,-7,-6,-3,0,2,3,5,10,10]
[-12,-22,-21,-18,11,13,-12,-10,8,21]

0.3:(3)
0.314825118253015
[-6,-5,-5,-2,-2,1,3,5,8,9]
[8,-7,-7,-20,-4,-17,-15,3,6,7]

0:(5)
0.0302660783640277
[-7,-5,-1,1,3,4,4,8,9,10]
[17,-37,-5,-3,27,0,-28,4,-23,6]


-0.3(3):
-0.275843618565123
[-10,-10,-10,-9,-3,-2,1,2,2,10]
[-5,-5,35,14,8,-13,-16,3,23,-5]


-0.7(1):
-0.695579428833794
[-7,-7,-2,-1,0,0,4,4,6,7]
[20,11,-3,5,13,-5,9,-9,-2,-12]


-1:
[-10,-6,-4,-3,0,1,3,3,3,8]
[12,8,6,5,2,1,-1,-1,-1,-6]

